1.1020649573765675e+00
1.0822849126998300e+00
1.1095003306399991e+00
1.1477459804154952e+00
1.1458106827922134e+00
1.1022742430213797e+00
1.0599675436969800e+00
1.0337132995482521e+00
1.0294947400689085e+00
1.0688517044763959e+00
1.1358303402084855e+00
1.1756779078859854e+00
1.1839755973778621e+00
1.1865511222276792e+00
1.1744326399639207e+00
1.1334379494655875e+00
1.1023629968985873e+00
1.1093750980217001e+00
1.1415204755030557e+00
1.1751949216704809e+00
1.1850192560814301e+00
1.1619002872612296e+00
1.1401983036193968e+00
1.1326341703534089e+00
1.1132282519247347e+00
1.0797481576446424e+00
1.0627182153984869e+00
1.0669155512005051e+00
1.0669686854816940e+00
1.0552757314871970e+00
1.0489730502013093e+00
1.0442366672214076e+00
1.0270628670696151e+00
1.0103204136248669e+00
1.0300691449083348e+00
1.0764959477819500e+00
1.1004591104574519e+00
1.0884001606609630e+00
1.0799561825115194e+00
1.0886953223962295e+00
1.1104666104074565e+00
1.1443159589543896e+00
1.1834633373655388e+00
1.2017103983089288e+00
1.1889764398802065e+00
1.1742784339003238e+00
1.1897005105856775e+00
1.2163270474411509e+00
1.2089876050595154e+00
1.1588868114631585e+00
